      0.30000001   1.2447506e-10   3.7342517e-10   1.2447506e-08   6.2412482e-08   1.8723745e-07   6.2412482e-06
      0.31428477   1.7963088e-10   5.3889264e-10   1.7963088e-08   6.2412485e-08   1.8723745e-07   6.2412485e-06
      0.32924968   2.5333009e-10   7.5999027e-10   2.5333009e-08   6.2412493e-08   1.8723748e-07   6.2412493e-06
      0.34492713   3.4950679e-10   1.0485204e-09   3.4950679e-08   6.2412511e-08   1.8723753e-07   6.2412511e-06
      0.36135110   4.7219628e-10   1.4165888e-09   4.7219628e-08   6.2412555e-08   1.8723766e-07   6.2412555e-06
      0.37855709   6.2532241e-10   1.8759672e-09   6.2532241e-08   6.2412652e-08   1.8723795e-07   6.2412652e-06
      0.39658239   8.1245275e-10   2.4373583e-09   8.1245275e-08   6.2412859e-08   1.8723858e-07   6.2412859e-06
      0.41546595   1.0365392e-09   3.1096175e-09   1.0365392e-07   6.2413289e-08   1.8723987e-07   6.2413289e-06
      0.43524864   1.2996688e-09   3.8990064e-09   1.2996688e-07   6.2414153e-08   1.8724246e-07   6.2414153e-06
      0.45597336   1.6028435e-09   4.8085306e-09   1.6028435e-07   6.2415833e-08   1.8724750e-07   6.2415833e-06
      0.47768489   1.9458061e-09   5.8374182e-09   1.9458061e-07   6.2419008e-08   1.8725702e-07   6.2419008e-06
      0.50043017   2.3269472e-09   6.9808416e-09   2.3269472e-07   6.2424838e-08   1.8727451e-07   6.2424838e-06
      0.52425855   2.7433031e-09   8.2299093e-09   2.7433031e-07   6.2435257e-08   1.8730577e-07   6.2435257e-06
      0.54922152   3.1906425e-09   9.5719274e-09   3.1906425e-07   6.2453405e-08   1.8736022e-07   6.2453405e-06
      0.57537311   3.6636825e-09   1.0991048e-08   3.6636825e-07   6.2484242e-08   1.8745272e-07   6.2484242e-06
      0.60276997   4.1564137e-09   1.2469241e-08   4.1564137e-07   6.2535415e-08   1.8760624e-07   6.2535415e-06
      0.63147128   4.6625387e-09   1.3987616e-08   4.6625387e-07   6.2618440e-08   1.8785532e-07   6.2618440e-06
      0.66153926   5.1760384e-09   1.5528115e-08   5.1760384e-07   6.2750265e-08   1.8825079e-07   6.2750265e-06
      0.69303900   5.6918382e-09   1.7075515e-08   5.6918382e-07   6.2955294e-08   1.8886588e-07   6.2955294e-06
      0.72603858   6.2065718e-09   1.8619715e-08   6.2065718e-07   6.3267934e-08   1.8980380e-07   6.3267934e-06
      0.76060939   6.7194261e-09   2.0158278e-08   6.7194261e-07   6.3735725e-08   1.9120717e-07   6.3735725e-06
      0.79682642   7.2330300e-09   2.1699090e-08   7.2330300e-07   6.4423094e-08   1.9326928e-07   6.4423094e-06
      0.83476788   7.7543377e-09   2.3263013e-08   7.7543377e-07   6.5415722e-08   1.9624717e-07   6.5415722e-06
      0.87451601   8.2954744e-09   2.4886423e-08   8.2954744e-07   6.6825533e-08   2.0047660e-07   6.6825533e-06
      0.91615677   8.8744433e-09   2.6623330e-08   8.8744433e-07   6.8796193e-08   2.0638858e-07   6.8796193e-06
      0.95978016   9.5156513e-09   2.8546954e-08   9.5156513e-07   7.1509042e-08   2.1452713e-07   7.1509042e-06
       1.0054809   1.0250160e-08   3.0750481e-08   1.0250160e-06   7.5189304e-08   2.2556791e-07   7.5189304e-06
       1.0533576   1.1115582e-08   3.3346747e-08   1.1115582e-06   8.0112283e-08   2.4033685e-07   8.0112283e-06
       1.1035140   1.2155595e-08   3.6466786e-08   1.2155595e-06   8.6609491e-08   2.5982847e-07   8.6609491e-06
       1.1560587   1.3419008e-08   4.0257023e-08   1.3419008e-06   9.5074235e-08   2.8522271e-07   9.5074235e-06
       1.2111053   1.4958381e-08   4.4875143e-08   1.4958381e-06   1.0596644e-07   3.1789933e-07   1.0596644e-05
       1.2687730   1.6828244e-08   5.0484732e-08   1.6828244e-06   1.1981647e-07   3.5944940e-07   1.1981647e-05
       1.3291866   1.9082981e-08   5.7248944e-08   1.9082981e-06   1.3722776e-07   4.1168328e-07   1.3722776e-05
       1.3924768   2.1774411e-08   6.5323233e-08   2.1774411e-06   1.5887754e-07   4.7663262e-07   1.5887754e-05
       1.4587805   2.4949276e-08   7.4847827e-08   2.4949276e-06   1.8551603e-07   5.5654810e-07   1.8551603e-05
       1.5282415   2.8646711e-08   8.5940132e-08   2.8646711e-06   2.1796352e-07   6.5389055e-07   2.1796352e-05
       1.6010100   3.2895826e-08   9.8687479e-08   3.2895826e-06   2.5710506e-07   7.7131517e-07   2.5710506e-05
       1.6772431   3.7713570e-08   1.1314071e-07   3.7713570e-06   3.0388294e-07   9.1164882e-07   3.0388294e-05
       1.7571064   4.3102977e-08   1.2930893e-07   4.3102977e-06   3.5928689e-07   1.0778607e-06   3.5928689e-05
       1.8407724   4.9051837e-08   1.4715551e-07   4.9051837e-06   4.2434106e-07   1.2730232e-06   4.2434106e-05
       1.9284221   5.5531884e-08   1.6659565e-07   5.5531884e-06   5.0008854e-07   1.5002656e-06   5.0008854e-05
       2.0202453   6.2498586e-08   1.8749576e-07   6.2498586e-06   5.8757324e-07   1.7627197e-06   5.8757324e-05
       2.1164410   6.9891284e-08   2.0967385e-07   6.9891284e-06   6.8781695e-07   2.0634509e-06   6.8781695e-05
       2.2172167   7.7633923e-08   2.3290177e-07   7.7633923e-06   8.0179321e-07   2.4053796e-06   8.0179321e-05
       2.3227913   8.5636236e-08   2.5690871e-07   8.5636236e-06   9.3039845e-07   2.7911953e-06   9.3039845e-05
       2.4333928   9.3794991e-08   2.8138497e-07   9.3794991e-06   1.0744132e-06   3.2232396e-06   0.00010744132
       2.5492604   1.0199570e-07   3.0598710e-07   1.0199570e-05   1.2344613e-06   3.7033838e-06   0.00012344613
       2.6706455   1.1011428e-07   3.3034283e-07   1.1011428e-05   1.4109581e-06   4.2328743e-06   0.00014109581
       2.7978106   1.1801876e-07   3.5405629e-07   1.1801876e-05   1.6040498e-06   4.8121495e-06   0.00016040498
       2.9310300   1.2557083e-07   3.7671249e-07   1.2557083e-05   1.8135376e-06   5.4406129e-06   0.00018135376
       3.0705929   1.3262755e-07   3.9788265e-07   1.3262755e-05   2.0387963e-06   6.1163888e-06   0.00020387963
       3.2168016   1.3904232e-07   4.1712695e-07   1.3904232e-05   2.2786599e-06   6.8359796e-06   0.00022786599
       3.3699722   1.4466605e-07   4.3399815e-07   1.4466605e-05   2.5312971e-06   7.5938914e-06   0.00025312971
       3.5304363   1.4934787e-07   4.4804360e-07   1.4934787e-05   2.7940545e-06   8.3821634e-06   0.00027940545
       3.6985409   1.5293558e-07   4.5880674e-07   1.5293558e-05   3.0632682e-06   9.1898047e-06   0.00030632682
       3.8746498   1.5527587e-07   4.6582761e-07   1.5527587e-05   3.3340357e-06   1.0002107e-05   0.00033340357
       4.0591431   1.5621427e-07   4.6864280e-07   1.5621427e-05   3.5999439e-06   1.0799832e-05   0.00035999439
       4.2524228   1.5149000e-07   4.5447000e-07   1.5149000e-05   3.7511019e-06   1.1253306e-05   0.00037511019
       4.4549050   1.4948192e-07   4.4844576e-07   1.4948192e-05   3.9813242e-06   1.1943973e-05   0.00039813242
       4.6670289   1.4559092e-07   4.3677277e-07   1.4559092e-05   4.1751906e-06   1.2525572e-05   0.00041751906
       4.8892531   1.3967466e-07   4.1902399e-07   1.3967466e-05   4.3169632e-06   1.2950890e-05   0.00043169632
       5.1220589   1.4722362e-07   4.4167087e-07   1.4722362e-05   4.9085165e-06   1.4725549e-05   0.00049085165
       5.3659487   1.5481355e-07   4.6444066e-07   1.5481355e-05   5.5727044e-06   1.6718113e-05   0.00055727044
       5.6214523   1.6243777e-07   4.8731332e-07   1.6243777e-05   6.3180233e-06   1.8954070e-05   0.00063180233
       5.8891225   1.7009110e-07   5.1027331e-07   1.7009110e-05   7.1539711e-06   2.1461913e-05   0.00071539711
       6.1695375   1.7776980e-07   5.3330940e-07   1.7776980e-05   8.0911744e-06   2.4273523e-05   0.00080911744
       6.4633055   1.8547147e-07   5.5641440e-07   1.8547147e-05   9.1415283e-06   2.7424585e-05   0.00091415283
       6.7710590   1.9319502e-07   5.7958507e-07   1.9319502e-05   1.0318346e-05   3.0955039e-05    0.0010318346
       7.0934682   2.0094062e-07   6.0282185e-07   2.0094062e-05   1.1636552e-05   3.4909655e-05    0.0011636552
       7.4312296   2.0870942e-07   6.2612825e-07   2.0870942e-05   1.3112850e-05   3.9338550e-05    0.0013112850
       7.7850733   2.1650344e-07   6.4951031e-07   2.1650344e-05   1.4765940e-05   4.4297819e-05    0.0014765940
       8.1557655   2.2432535e-07   6.7297606e-07   2.2432535e-05   1.6616760e-05   4.9850279e-05    0.0016616760
       8.5441093   2.3217833e-07   6.9653500e-07   2.3217833e-05   1.8688748e-05   5.6066244e-05    0.0018688748
       8.9509411   2.4006537e-07   7.2019612e-07   2.4006537e-05   2.1008059e-05   6.3024176e-05    0.0021008059
       9.3771477   2.4798930e-07   7.4396791e-07   2.4798930e-05   2.3603955e-05   7.0811865e-05    0.0023603955
       9.8236485   2.5595166e-07   7.6785497e-07   2.5595166e-05   2.6508950e-05   7.9526849e-05    0.0026508950
       10.291408   2.6395220e-07   7.9185659e-07   2.6395220e-05   2.9759139e-05   8.9277418e-05    0.0029759139
       10.781445   2.7198814e-07   8.1596441e-07   2.7198814e-05   3.3394502e-05   0.00010018351    0.0033394502
       11.294808   2.8005252e-07   8.4015755e-07   2.8005252e-05   3.7458869e-05   0.00011237661    0.0037458869
       11.832616   2.8813380e-07   8.6440141e-07   2.8813380e-05   4.2000289e-05   0.00012600087    0.0042000289
       12.396039   2.9621421e-07   8.8864262e-07   2.9621421e-05   4.7070907e-05   0.00014121272    0.0047070907
       12.986283   3.0426812e-07   9.1280437e-07   3.0426812e-05   5.2726553e-05   0.00015817966    0.0052726553
       13.604639   3.1226192e-07   9.3678576e-07   3.1226192e-05   5.9026893e-05   0.00017708068    0.0059026893
       14.252431   3.2015189e-07   9.6045567e-07   3.2015189e-05   6.6034267e-05   0.00019810280    0.0066034267
       14.931076   3.2788474e-07   9.8365423e-07   3.2788474e-05   7.3813552e-05   0.00022144066    0.0073813552
       15.642027   3.3539655e-07   1.0061896e-06   3.3539655e-05   8.2430455e-05   0.00024729137    0.0082430455
       16.386829   3.4261371e-07   1.0278411e-06   3.4261371e-05   9.1950825e-05   0.00027585248    0.0091950825
       17.167107   3.4945383e-07   1.0483615e-06   3.4945383e-05   0.00010243899   0.00030731698     0.010243899
       17.984528   3.5582690e-07   1.0674807e-06   3.5582690e-05   0.00011395564   0.00034186693     0.011395564
       18.840879   3.6163802e-07   1.0849141e-06   3.6163802e-05   0.00012655691   0.00037967073     0.012655691
       19.737999   3.6678956e-07   1.1003687e-06   3.6678956e-05   0.00014029151   0.00042087452     0.014029151
       20.677834   3.7118459e-07   1.1135538e-06   3.7118459e-05   0.00015519974   0.00046559922     0.015519974
       21.662432   3.7472987e-07   1.1241896e-06   3.7472987e-05   0.00017131148   0.00051393445     0.017131148
       22.693899   3.7733919e-07   1.1320176e-06   3.7733919e-05   0.00018864400   0.00056593199     0.018864400
       23.774494   3.7893662e-07   1.1368099e-06   3.7893662e-05   0.00020720186   0.00062160557     0.020720186
       24.906528   3.7945920e-07   1.1383776e-06   3.7945920e-05   0.00022697437   0.00068092311     0.022697437
       26.092480   3.7885940e-07   1.1365782e-06   3.7885940e-05   0.00024793669   0.00074381008     0.024793669
       27.334887   3.7710685e-07   1.1313205e-06   3.7710685e-05   0.00027004771   0.00081014313     0.027004771
       28.636452   3.7418953e-07   1.1225686e-06   3.7418953e-05   0.00029325191   0.00087975574     0.029325191
       30.000008   3.7011389e-07   1.1103417e-06   3.7011389e-05   0.00031747914   0.00095243741     0.031747914
