1.323996230349877479e+01 5.795142533587826356e-03 2.999999999999999737e-05
1.310887356782057012e+01 5.899463521609775961e-03 2.999999999999999737e-05
1.297908274041640553e+01 5.821940891573970309e-03 2.999999999999999737e-05
1.285057697070931226e+01 5.832556249168781119e-03 2.999999999999999737e-05
1.272334353535575424e+01 5.774052024558949496e-03 2.999999999999999737e-05
1.259736983698589619e+01 5.748182013606504062e-03 2.999999999999999737e-05
1.247264340295633467e+01 5.729256093090038561e-03 2.999999999999999737e-05
1.234915188411518194e+01 5.759262819870523270e-03 2.999999999999999737e-05
1.222688305357938887e+01 5.754046718366143121e-03 2.999999999999999737e-05
1.210582480552414708e+01 5.602257175117560453e-03 2.999999999999999737e-05
1.198596515398430462e+01 5.624089148379251245e-03 2.999999999999999737e-05
1.186729223166762992e+01 5.547522502064020609e-03 2.999999999999999737e-05
1.174979428877982990e+01 5.484032204530483491e-03 2.999999999999999737e-05
1.163345969186121920e+01 5.558818441108037342e-03 2.999999999999999737e-05
1.151827692263487002e+01 5.480905649183294252e-03 2.999999999999999737e-05
1.140423457686620701e+01 5.500072607724846956e-03 2.999999999999999737e-05
1.129132136323386781e+01 5.349138228320518551e-03 2.999999999999999737e-05
1.117952610221174936e+01 5.352822885081215051e-03 2.999999999999999737e-05
1.106883772496212970e+01 5.303587039432412428e-03 2.999999999999999737e-05
1.095924527223973222e+01 5.296989120275492034e-03 2.999999999999999737e-05
1.085073789330666472e+01 5.255729895533505641e-03 2.999999999999999737e-05
1.074330484485808412e+01 5.268469219127086718e-03 2.999999999999999737e-05
1.063693548995849980e+01 5.173214902218335395e-03 2.999999999999999737e-05
1.053161929698861421e+01 5.195448664136915681e-03 2.999999999999999737e-05
1.042734583860258724e+01 5.100538777752834305e-03 2.999999999999999737e-05
1.032410479069563181e+01 5.127629239635256818e-03 2.999999999999999737e-05
1.022188593138181290e+01 5.117472205715779994e-03 2.999999999999999737e-05
1.012067913998199487e+01 5.042269544989221551e-03 2.999999999999999737e-05
1.002047439602177548e+01 4.986744182373694691e-03 2.999999999999999737e-05
9.921261778239381712e+00 4.952746780205290189e-03 2.999999999999999737e-05
9.823031463603349778e+00 4.972920446385775163e-03 2.999999999999999737e-05
9.725773726339950187e+00 4.945572621640633576e-03 2.999999999999999737e-05
9.629478936970249592e+00 4.846464018106017534e-03 2.999999999999999737e-05
9.534137561356683221e+00 4.857020153978462013e-03 2.999999999999999737e-05
9.439740159759089977e+00 4.818688907774085727e-03 2.999999999999999737e-05
9.346277385900089385e+00 4.797610576018495818e-03 2.999999999999999737e-05
9.253739986039693832e+00 4.754868449348788849e-03 2.999999999999999737e-05
9.162118798059102787e+00 4.783125232650834412e-03 2.999999999999999737e-05
9.071404750553567098e+00 4.701868023813328586e-03 2.999999999999999737e-05
8.981588861934222123e+00 4.592542634871465967e-03 2.999999999999999737e-05
8.892662239538834612e+00 4.609799688509541409e-03 2.999999999999999737e-05
8.804616078751321240e+00 4.619025522940741618e-03 2.999999999999999737e-05
8.717441662130022806e+00 4.593511081547151619e-03 2.999999999999999737e-05
8.631130358544575998e+00 4.551509364673317175e-03 2.999999999999999737e-05
8.545673622321363183e+00 4.480342532278465233e-03 2.999999999999999737e-05
8.461062992397387461e+00 4.510321817041956956e-03 2.999999999999999737e-05
8.377290091482562318e+00 4.466091348233607039e-03 2.999999999999999737e-05
8.294346625230261338e+00 4.438650751181052838e-03 2.999999999999999737e-05
8.212224381416099561e+00 4.391253881146377561e-03 2.999999999999999737e-05
8.130915229124850541e+00 4.410949437944145304e-03 2.999999999999999737e-05
8.050411117945397876e+00 4.349051778102902034e-03 2.999999999999999737e-05
7.970704077173661695e+00 4.398773691212944439e-03 2.999999999999999737e-05
7.891786215023426365e+00 4.212657962780139327e-03 2.999999999999999737e-05
7.813649717844977083e+00 4.356500548870609682e-03 2.999999999999999737e-05
7.736286849351461825e+00 4.216685248167831301e-03 2.999999999999999737e-05
7.659689949852931612e+00 4.264875026886415406e-03 2.999999999999999737e-05
7.583851435497953375e+00 4.130026645816007626e-03 2.999999999999999737e-05
7.508763797522725270e+00 4.137795720143865215e-03 2.999999999999999737e-05
7.434419601507648245e+00 4.099298782802817710e-03 2.999999999999999737e-05
7.360811486641236634e+00 4.058588018529997107e-03 2.999999999999999737e-05
7.287932164991324235e+00 4.068871116070136955e-03 2.999999999999999737e-05
7.215774420783487741e+00 3.913808860390161418e-03 2.999999999999999737e-05
7.144331109686621772e+00 3.953246936183840189e-03 2.999999999999999737e-05
7.073595158105566050e+00 3.806893274534766877e-03 2.999999999999999737e-05
7.003559562480758949e+00 3.924738596639786720e-03 2.999999999999999737e-05
6.934217388594810849e+00 3.780237101546169570e-03 2.999999999999999737e-05
6.865561770885950210e+00 3.663347037938920192e-03 2.999999999999999737e-05
6.797585911768267763e+00 3.611408282497113788e-03 2.999999999999999737e-05
6.730283080958680664e+00 3.601477690698143275e-03 2.999999999999999737e-05
6.663646614810574853e+00 3.629229038298569920e-03 2.999999999999999737e-05
6.597669915654034156e+00 3.496814707708643423e-03 2.999999999999999737e-05
6.532346451142608146e+00 3.581185895211884407e-03 2.999999999999999737e-05
6.467669753606543281e+00 3.617005721169728929e-03 2.999999999999999737e-05
6.403633419412418704e+00 3.722120887821208680e-03 2.999999999999999737e-05
6.340231108329128062e+00 3.678981834356327089e-03 2.999999999999999737e-05
6.277456542900125669e+00 3.652048833675844257e-03 2.999999999999999737e-05
6.215303507821907658e+00 3.539460794780607995e-03 2.999999999999999737e-05
6.153765849328621584e+00 3.558792217209576138e-03 2.999999999999999737e-05
6.092837474582792900e+00 3.504211162891744495e-03 2.999999999999999737e-05
6.032512351072073287e+00 3.386900939529661949e-03 2.999999999999999737e-05
5.972784506011953987e+00 3.395852781871703217e-03 2.999999999999999737e-05
5.913648025754409510e+00 3.261750112776338074e-03 2.999999999999999737e-05
5.855097055202384659e+00 3.324079006374937219e-03 2.999999999999999737e-05
5.797125797230084032e+00 3.189904661058077552e-03 2.999999999999999737e-05
5.739728512108993819e+00 3.331935289505532239e-03 2.999999999999999737e-05
5.682899516939598605e+00 3.137112022134795359e-03 2.999999999999999737e-05
5.626633185088711464e+00 3.129327658114227501e-03 2.999999999999999737e-05
5.570923945632387131e+00 3.025481240136119326e-03 2.999999999999999737e-05
5.515766282804344556e+00 2.984824196136746672e-03 2.999999999999999737e-05
5.461154735449845532e+00 3.049036655899116464e-03 2.999999999999999737e-05
5.407083896484995655e+00 2.904997855807760470e-03 2.999999999999999737e-05
5.353548412361381459e+00 2.997108113660362869e-03 2.999999999999999737e-05
5.300542982536021519e+00 2.923888639222951401e-03 2.999999999999999737e-05
5.248062358946555150e+00 2.968611314032640076e-03 2.999999999999999737e-05
5.196101345491639378e+00 2.862442816202463887e-03 2.999999999999999737e-05
5.144654797516475142e+00 2.790904951195975585e-03 2.999999999999999737e-05
5.093717621303440524e+00 2.948256638240601222e-03 2.999999999999999737e-05
5.043284773567762613e+00 2.787640316792574027e-03 2.999999999999999737e-05
4.993351260958180937e+00 2.677743282670404668e-03 2.999999999999999737e-05
4.943912139562555375e+00 2.573082160308636564e-03 2.999999999999999737e-05
4.894962514418371491e+00 2.533389714250563248e-03 2.999999999999999737e-05
4.846497539028090884e+00 2.692656216349939135e-03 2.999999999999999737e-05
4.798512414879296806e+00 2.600349842845516100e-03 2.999999999999999737e-05
4.751002390969600420e+00 2.522709289691301912e-03 2.999999999999999737e-05
4.703962763336238417e+00 2.537498042776023619e-03 2.999999999999999737e-05
4.657388874590335348e+00 2.440853258595629058e-03 2.999999999999999737e-05
4.611276113455778258e+00 2.456279969706177350e-03 2.999999999999999737e-05
4.565619914312651240e+00 2.436141027576794755e-03 2.999999999999999737e-05
4.520415756745198799e+00 2.382620359514299631e-03 2.999999999999999737e-05
4.475659165094256764e+00 2.333915363076203859e-03 2.999999999999999737e-05
4.431345708014116092e+00 2.281209139985706374e-03 2.999999999999999737e-05
4.387470998033777825e+00 2.295565630218699554e-03 2.999999999999999737e-05
4.344030691122553023e+00 2.381640841922371202e-03 2.999999999999999737e-05
4.301020486259953479e+00 2.167662116625322568e-03 2.999999999999999737e-05
4.258436125009854578e+00 2.045963503436812672e-03 2.999999999999999737e-05
4.216273391098866341e+00 2.113128965047730238e-03 2.999999999999999737e-05
4.174528109998877135e+00 2.049287670961141145e-03 2.999999999999999737e-05
4.133196148513740731e+00 2.086889780700290197e-03 2.999999999999999737e-05
4.092273414370040108e+00 2.034130356072999957e-03 2.999999999999999737e-05
4.051755855811920881e+00 2.086482980723191206e-03 2.999999999999999737e-05
4.011639461199922430e+00 2.086520514252740779e-03 2.999999999999999737e-05
3.971920258613783616e+00 2.054510999957334227e-03 2.999999999999999737e-05
3.932594315459191581e+00 1.993898098225448633e-03 2.999999999999999737e-05
3.893657738078407426e+00 2.012793314596771511e-03 2.999999999999999737e-05
3.855106671364760818e+00 1.972055792721736246e-03 2.999999999999999737e-05
3.816937298380950860e+00 1.900834085119229274e-03 2.999999999999999737e-05
3.779145839981139510e+00 1.863171448817626565e-03 2.999999999999999737e-05
3.741728554436771326e+00 1.833448894470503633e-03 2.999999999999999737e-05
3.704681737066110259e+00 1.753089611917779895e-03 2.999999999999999737e-05
3.668001719867436616e+00 1.696715914619755265e-03 2.999999999999999737e-05
3.631684871155877570e+00 1.583893487601785400e-03 2.999999999999999737e-05
3.595727595203838334e+00 1.587611139671618946e-03 2.999999999999999737e-05
3.560126331884988726e+00 1.541664746284174096e-03 2.999999999999999737e-05
3.524877556321771355e+00 1.463744490305723218e-03 2.999999999999999737e-05
3.489977778536407005e+00 1.396190215017556772e-03 2.999999999999999737e-05
3.455423543105353712e+00 1.351168802721844754e-03 2.999999999999999737e-05
3.421211428817182210e+00 1.357913002695123076e-03 2.999999999999999737e-05
3.387338048333843332e+00 1.328138621242872441e-03 2.999999999999999737e-05
3.353800047855290511e+00 1.284078664402404750e-03 2.999999999999999737e-05
3.320594106787416067e+00 1.200589823428034912e-03 2.999999999999999737e-05
3.287716937413283524e+00 1.194948539994386810e-03 2.999999999999999737e-05
3.255165284567607564e+00 1.212888529846979516e-03 2.999999999999999737e-05
3.222935925314462935e+00 1.180155714469546899e-03 2.999999999999999737e-05
3.191025668628181045e+00 1.165370629180227007e-03 2.999999999999999737e-05
3.159431355077406689e+00 1.073347995736942222e-03 2.999999999999999737e-05
3.128149856512283833e+00 1.031165912935846181e-03 2.999999999999999737e-05
3.097178075754736692e+00 1.086444262285343179e-03 2.999999999999999737e-05
3.066512946291818587e+00 1.003795698726835973e-03 2.999999999999999737e-05
3.036151431972097470e+00 9.196181610799907934e-04 2.999999999999999737e-05
3.006090526705047061e+00 9.404819418580214353e-04 2.999999999999999737e-05
2.976327254163412928e+00 8.720044928362545621e-04 2.999999999999999737e-05
2.946858667488527761e+00 8.469152344326529285e-04 2.999999999999999737e-05
2.917681848998542549e+00 9.597580895609231395e-04 2.999999999999999737e-05
2.888793909899546541e+00 8.724525777448388555e-04 2.999999999999999737e-05
2.860191989999551154e+00 8.243711278703976051e-04 2.999999999999999737e-05
2.831873257425297830e+00 7.723541106841426765e-04 2.999999999999999737e-05
2.803834908341879206e+00 7.932450308521910671e-04 2.999999999999999737e-05
2.776074166675128296e+00 7.401264697110098009e-04 2.999999999999999737e-05
2.748588283836760127e+00 7.523466268241470406e-04 2.999999999999999737e-05
2.721374538452237868e+00 7.146818045136252035e-04 2.999999999999999737e-05
2.694430236091324815e+00 7.065848139615724154e-04 2.999999999999999737e-05
2.667752709001311562e+00 6.551650118037520738e-04 2.999999999999999737e-05
2.641339315842882840e+00 6.903088835695150166e-04 2.999999999999999737e-05
2.615187441428596937e+00 6.843678152087398839e-04 2.999999999999999737e-05
2.589294496463957262e+00 6.863828696828760912e-04 2.999999999999999737e-05
2.563657917291046751e+00 6.193378961052029225e-04 2.999999999999999737e-05
2.538275165634700237e+00 6.322924484870079583e-04 2.999999999999999737e-05
2.513143728351188155e+00 5.072291095642565304e-04 2.999999999999999737e-05
2.488261117179394244e+00 6.004179164200885857e-04 2.999999999999999737e-05
2.463624868494449949e+00 5.778396855245402589e-04 2.999999999999999737e-05
2.439232543063811764e+00 6.014543797740583026e-04 2.999999999999999737e-05
2.415081725805753532e+00 6.207157850434094929e-04 2.999999999999999737e-05
2.391170025550251044e+00 5.343403335953810385e-04 2.999999999999999737e-05
2.367495074802228761e+00 5.495339591719584915e-04 2.999999999999999737e-05
2.344054529507157536e+00 5.660503603631928619e-04 2.999999999999999737e-05
2.320846068818967822e+00 5.653866994919449140e-04 2.999999999999999737e-05
2.297867394870265034e+00 5.564986109072425418e-04 2.999999999999999737e-05
2.275116232544817318e+00 6.082784036187102511e-04 2.999999999999999737e-05
2.252590329252293522e+00 5.376642166947702894e-04 2.999999999999999737e-05
2.230287454705241146e+00 5.848271738691854368e-04 2.999999999999999737e-05
2.208205400698258991e+00 5.286066283287295820e-04 2.999999999999999737e-05
2.186341980889365377e+00 4.782675378915772469e-04 2.999999999999999737e-05
2.164695030583529967e+00 5.253743390634845389e-04 2.999999999999999737e-05
2.143262406518346097e+00 5.057049858603658316e-04 2.999999999999999737e-05
2.122041986651828083e+00 4.654267959807499122e-04 2.999999999999999737e-05
2.101031669952305059e+00 4.330063934217594657e-04 2.999999999999999737e-05
2.080229376190401158e+00 4.157525257359766442e-04 2.999999999999999737e-05
2.059633045733070489e+00 3.843603868110241693e-04 2.999999999999999737e-05
2.039240639339673589e+00 2.984027508884227499e-04 2.999999999999999737e-05
2.019050137960073155e+00 3.126206668145211872e-04 2.999999999999999737e-05
1.999059542534725509e+00 3.090170739681488525e-04 2.999999999999999737e-05
1.979266873796758031e+00 3.442697787521663971e-04 2.999999999999999737e-05
1.959670172075998140e+00 2.999631775445635111e-04 2.999999999999999737e-05
1.940267497104948502e+00 2.832686147503423596e-04 2.999999999999999737e-05
1.921056927826681582e+00 3.437913781199797465e-04 2.999999999999999737e-05
1.902036562204635128e+00 2.870664092020657789e-04 2.999999999999999737e-05
1.883204517034292147e+00 3.016605218579912636e-04 2.999999999999999737e-05
1.864558927756724938e+00 2.074086585277342592e-04 2.999999999999999737e-05
1.846097948273984990e+00 2.392409530932450258e-04 2.999999999999999737e-05
1.827819750766321860e+00 2.554429840135512904e-04 2.999999999999999737e-05
1.809722525511209934e+00 2.209836705066100951e-04 2.999999999999999737e-05
1.791804480704168201e+00 2.450388449757070737e-04 2.999999999999999737e-05
1.774063842281354608e+00 2.605287543201664389e-04 2.999999999999999737e-05
1.756498853743915012e+00 2.180416775155642761e-04 2.999999999999999737e-05
1.739107775984074289e+00 3.180695996147557764e-04 2.999999999999999737e-05
1.721888887112944966e+00 3.370387865573644414e-04 2.999999999999999737e-05
1.704840482290044701e+00 3.202999613177729614e-04 2.999999999999999737e-05
1.687960873554499530e+00 3.368836891963929961e-04 2.999999999999999737e-05
1.671248389657920441e+00 3.509284638085381509e-04 2.999999999999999737e-05
1.654701375898931071e+00 3.436609775003636111e-04 2.999999999999999737e-05
1.638318193959337421e+00 3.897850523342228615e-04 2.999999999999999737e-05
1.622097221741918505e+00 2.616418018365078467e-04 2.999999999999999737e-05
1.606036853209820148e+00 2.630652117110830073e-04 2.999999999999999737e-05
1.590135498227544852e+00 3.355735342495575510e-04 2.999999999999999737e-05
1.574391582403509737e+00 2.677789573151785553e-04 2.999999999999999737e-05
1.558803546934167894e+00 2.649745502016139388e-04 2.999999999999999737e-05
1.543369848449671178e+00 2.318133577703001321e-04 2.999999999999999737e-05
1.528088958861060442e+00 1.414852253305882046e-04 2.999999999999999737e-05
1.512959365208970564e+00 1.522987093607475889e-04 2.999999999999999737e-05
1.497979569513832487e+00 2.053118116608647803e-04 2.999999999999999737e-05
1.483148088627556760e+00 1.384225004699345888e-04 2.999999999999999737e-05
1.468463454086690101e+00 1.753725779007365428e-04 2.999999999999999737e-05
1.453924211967019708e+00 1.847183078783370307e-04 2.999999999999999737e-05
1.439528922739623740e+00 1.702479690982784297e-04 2.999999999999999737e-05
1.425276161128340213e+00 1.227413034025202530e-04 2.999999999999999737e-05
1.411164515968653665e+00 1.812983208802691987e-04 2.999999999999999737e-05
1.397192590067974027e+00 1.214799354318211484e-04 2.999999999999999737e-05
1.383359000067300837e+00 1.563416075129513486e-04 2.999999999999999737e-05
1.369662376304258355e+00 1.674638672120832509e-04 2.999999999999999737e-05
1.356101362677483380e+00 1.183359097803197491e-04 2.999999999999999737e-05
1.342674616512359975e+00 1.120850399507682745e-04 2.999999999999999737e-05
1.329380808428079153e+00 2.385104560952372259e-04 2.999999999999999737e-05
1.316218622206019040e+00 2.560788542454461056e-04 2.999999999999999737e-05
1.303186754659424462e+00 2.301130175473092788e-04 2.999999999999999737e-05
1.290283915504380818e+00 2.952819273896277051e-04 2.999999999999999737e-05
1.277508827232060051e+00 2.762700725515001361e-04 2.999999999999999737e-05
1.264860224982237824e+00 2.337514492065816054e-04 2.999999999999999737e-05
1.252336856418057032e+00 2.702266282866908867e-04 2.999999999999999737e-05
1.239937481602036762e+00 2.433018545796153452e-04 2.999999999999999737e-05
1.227660872873303610e+00 2.566900042853333293e-04 2.999999999999999737e-05
1.215505814726043354e+00 2.848278833056442608e-04 2.999999999999999737e-05
1.203471103689151889e+00 2.298772662095442036e-04 2.999999999999999737e-05
1.191555548207080761e+00 1.995945755546612904e-04 2.999999999999999737e-05
1.179757968521861988e+00 2.405581349641499190e-04 2.999999999999999737e-05
1.168077196556299047e+00 1.770077477180981523e-04 2.999999999999999737e-05
1.156512075798315831e+00 2.849127264888026137e-04 2.999999999999999737e-05
1.145061461186451135e+00 1.819172035852217059e-04 2.999999999999999737e-05
1.133724218996486455e+00 1.460327886057444951e-04 2.999999999999999737e-05
1.122499226729194666e+00 1.934363015316230305e-04 2.999999999999999737e-05
1.111385372999202481e+00 2.292425229031207581e-04 2.999999999999999737e-05
1.100381557424953138e+00 1.923753047348278941e-04 2.999999999999999737e-05
1.089486690519755552e+00 1.910253036527568237e-04 2.999999999999999737e-05
1.078699693583916597e+00 2.616832308412473979e-04 2.999999999999999737e-05
1.068019498597936989e+00 2.891997040047863455e-04 2.999999999999999737e-05
1.057445048116769204e+00 2.151467396535262423e-04 2.999999999999999737e-05
1.046975295165118336e+00 2.083501057973930859e-04 2.999999999999999737e-05
1.036609203133780355e+00 2.465756774463135812e-04 2.999999999999999737e-05
1.026345745677010202e+00 1.878749882899724934e-04 2.999999999999999737e-05
1.016183906610901300e+00 2.438367947657370152e-04 2.999999999999999737e-05
1.006122679812773590e+00 2.576938400139989799e-04 2.999999999999999737e-05
9.961610691215579960e-01 2.443197283983946635e-04 2.999999999999999737e-05
9.862980882391664261e-01 2.395213399425508063e-04 2.999999999999999737e-05
9.765327606328380039e-01 2.190277772397691022e-04 2.999999999999999737e-05
9.668641194384535176e-01 1.891607069548917471e-04 2.999999999999999737e-05
9.572912073648053299e-01 2.514474073787928291e-04 2.999999999999999737e-05
9.478130765988174167e-01 1.891868473293562979e-04 2.999999999999999737e-05
9.384287887117003235e-01 1.692389419009169573e-04 2.999999999999999737e-05
9.291374145660399320e-01 2.038099008480241062e-04 2.999999999999999737e-05
9.199380342238018260e-01 1.723326119534186870e-04 2.999999999999999737e-05
9.108297368552494833e-01 2.407593499497580314e-04 2.999999999999999737e-05
9.018116206487618580e-01 2.141568275760498310e-04 2.999999999999999737e-05
8.928827927215462479e-01 2.116048861619400541e-04 2.999999999999999737e-05
8.840423690312340099e-01 2.042052516630110421e-04 2.999999999999999737e-05
8.752894742883503554e-01 2.284213910509963810e-04 2.999999999999999737e-05
8.666232418696537820e-01 1.983068249321033756e-04 2.999999999999999737e-05
8.580428137323306004e-01 1.633167138440877290e-04 2.999999999999999737e-05
8.495473403290402237e-01 1.731218380273192355e-04 2.999999999999999737e-05
8.411359805238021181e-01 2.006316418103725049e-04 2.999999999999999737e-05
8.328079015087149761e-01 1.522837955071041651e-04 2.999999999999999737e-05
8.245622787215000082e-01 2.123936236188009785e-04 2.999999999999999737e-05
8.163982957638614701e-01 2.048719847550975590e-04 2.999999999999999737e-05
8.083151443206548770e-01 1.539478204417944263e-04 2.999999999999999737e-05
8.003120240798563545e-01 1.522276794479975981e-04 2.999999999999999737e-05
7.923881426533231354e-01 1.933817556788536773e-04 2.999999999999999737e-05
7.845427154983398710e-01 2.141649032219113851e-04 2.999999999999999737e-05
7.767749658399403234e-01 1.277833169637539287e-04 2.999999999999999737e-05
7.690841245940003290e-01 3.062853043895629384e-05 2.999999999999999737e-05
7.614694302910893775e-01 1.159675401759050601e-04 2.999999999999999737e-05
7.539301290010786971e-01 2.162315366464506630e-04 2.999999999999999737e-05
7.464654742584937441e-01 1.568815196335579076e-04 2.999999999999999737e-05
7.390747269886076554e-01 2.206027504444913790e-04 2.999999999999999737e-05
7.317571554342650053e-01 1.987071460342851217e-04 2.999999999999999737e-05
7.245120350834306500e-01 1.995283707477867507e-04 2.999999999999999737e-05
7.173386485974559967e-01 2.093989113217802902e-04 2.999999999999999737e-05
7.102362857400554841e-01 2.776910087640845591e-04 2.999999999999999737e-05
7.032042433069857212e-01 1.797400869709146114e-04 2.999999999999999737e-05
6.962418250564214039e-01 1.940128542698572173e-04 2.999999999999999737e-05
6.893483416400212338e-01 2.111305418623758440e-04 2.999999999999999737e-05
6.825231105346745153e-01 3.116602576584401102e-04 2.999999999999999737e-05
6.757654559749252110e-01 2.485513672687618566e-04 2.999999999999999737e-05
6.690747088860645730e-01 1.705289790289022506e-04 2.999999999999999737e-05
